courseid	user0	user1	user2	user3	user4	user5	user6	user7	user8	user9	user10	user11	user12	user13	user14	user15	user16	user17	user18	user19	user20	user21	user22	user23	user24	user25	user26	user27	user28	user29	3552	0	0	0	0	0	0	0	0	0	0	0	0	0	0	0	0	0	0	0	0	0	0	0	0	0	0	3.5	0	0	0	
3550	0	0	0	0	0	0	0	0	0	0	4.0	0	0	0	0	0	0	0	0	0	0	0	0	0	0	0	0	0	0	0	
5829	0	5.0	0	0	0	0	0	0	0	0	0	0	0	0	0	0	0	0	0	0	0	0	0	0	0	0	0	0	0	0	
345	0	0	0	0	0	0	0	0	0	0	0	0	0	0	0	0	3.5	0	0	0	0	0	0	0	0	0	0	5.0	0	0	
347	0	0	0	0	0	0	0	0	0	0	0	0	5.0	0	0	0	0	0	0	0	0	0	0	0	0	0	0	0	0	0	
340	0	0	0	0	0	0	0	0	0	0	0	0	0	0	0	5.0	0	0	0	0	0	0	0	0	0	0	0	0	0	0	
3995	0	0	0	0	2.5	0	0	0	0	0	0	0	0	0	0	0	0	0	0	0	0	0	0	0	0	0	0	0	0	0	
2913	0	0	0	0	0	0	0	0	0	0	0	0	0	0	0	0	2.5	0	0	0	0	5.0	0	0	0	0	0	0	0	0	
2918	0	0	0	0	0	0	0	0	0	0	0	0	0	0	0	0	0	4.0	0	0	0	0	0	0	0	0	0	0	0	0	
1791	0	0	0	0	0	0	0	0	0	0	0	0	5.0	0	0	0	0	0	0	0	0	0	0	0	0	0	0	0	0	0	
1790	0	0	0	0	0	0	0	4.0	0	5.0	0	0	0	0	0	5.0	0	0	0	0	0	0	0	0	0	0	5.0	0	0	0	
2855	0	0	0	0	4.0	0	0	0	0	0	0	0	0	0	0	0	0	0	0	0	0	0	0	0	0	0	0	0	0	0	
2857	0	0	0	0	0	0	0	0	0	0	0	0	0	0	0	0	0	0	0	0	0	5.0	0	0	0	0	0	0	0	0	
2856	0	0	0	0	0	0	0	0	0	0	0	0	0	0	0	0	0	0	0	0	0	0	0	0	5.0	0	0	0	0	0	
6153	0	0	0	0	0	0	0	0	0	0	0	0	0	0	0	0	0	0	0	0	0	0	0	0	0	0	0	3.5	0	0	
420	0	0	0	0	0	0	0	0	0	0	0	0	0	0	0	5.0	0	0	0	0	0	0	0	0	0	0	0	0	0	0	
5469	0	0	0	0	0	0	0	0	3.0	0	0	0	0	0	0	0	0	0	0	0	0	0	0	0	0	0	0	0	0	0	
1499	0	0	0	0	0	0	0	0	0	0	0	0	0	0	0	0	0	0	0	0	3.0	0	0	0	0	0	0	0	0	0	
6840	0	0	0	0	0	0	0	0	0	0	0	0	0	0	0	0	0	0	0	0	0	0	0	0	0	0	0	4.5	0	0	
6845	0	0	0	0	0	0	0	0	0	0	0	0	0	0	0	0	0	0	5.0	0	0	0	0	0	0	0	0	0	0	0	
1700	0	5.0	0	0	0	0	0	0	0	0	0	0	0	0	0	0	0	0	0	0	0	0	0	0	0	0	0	0	0	0	
2311	0	0	0	0	0	0	0	0	3.0	0	0	0	0	0	0	0	0	0	0	0	0	0	0	0	0	0	0	0	0	0	
1668	0	0	0	0	0	0	0	0	0	0	0	0	0	0	0	0	0	0	0	0	0	0	0	0	0	0	0	0	0	4.0	
912	0	0	0	0	0	0	0	0	0	0	5.0	0	0	0	0	0	0	0	0	0	0	0	0	0	0	0	0	0	0	0	
1662	0	0	0	0	5.0	0	0	0	0	0	0	0	0	0	0	0	0	0	0	0	0	5.0	0	0	0	0	0	0	0	0	
1660	0	0	0	0	5.0	0	0	0	0	5.0	0	0	0	0	0	0	0	0	0	0	0	0	0	0	0	0	0	0	0	0	
1086	0	0	0	0	0	0	0	0	0	0	4.5	0	0	0	0	0	0	0	0	0	0	0	0	0	0	0	0	0	0	0	
593	0	0	0	0	0	0	0	0	0	0	0	0	0	0	0	0	2.0	0	0	0	0	0	0	0	0	0	0	2.0	0	0	
6594	0	0	0	0	0	0	0	0	0	0	0	0	0	0	0	0	0	0	5.0	0	0	0	0	0	0	0	0	0	0	0	
198	0	0	0	0	0	0	0	0	0	0	0	0	0	0	0	0	0	0	0	0	0	0	0	0	0	0	4.5	0	0	0	
596	0	0	0	0	0	0	0	0	0	0	0	0	0	0	0	0	0	0	0	0	0	0	0	0	0	0	4.5	0	0	0	
4320	0	0	0	0	0	0	0	0	0	0	5.0	0	0	0	0	0	0	0	0	0	0	0	0	0	0	0	0	0	0	0	
270	0	0	0	0	4.0	0	0	0	0	0	0	0	0	0	0	0	0	0	0	0	0	0	0	0	0	0	0	0	0	0	
274	0	0	0	0	0	0	0	0	2.0	0	0	0	0	0	0	0	0	0	0	0	0	0	0	0	0	0	0	0	0	0	
3877	0	0	0	0	4.5	0	0	0	0	0	0	0	0	0	0	0	0	0	0	0	0	0	0	0	0	0	0	0	0	0	
2986	0	0	0	0	0	0	0	0	0	0	0	0	0	4.0	0	0	0	0	0	0	0	0	0	0	0	0	0	0	0	0	
2985	0	0	0	0	0	1.0	0	0	0	0	0	0	0	0	0	0	0	0	0	0	0	3.5	0	0	0	0	0	0	0	0	
2382	0	0	0	0	0	0	0	0	4.0	0	0	0	0	3.0	0	0	0	0	0	0	0	0	0	0	0	0	0	0	0	0	
5501	0	0	0	0	0	0	4.0	0	0	0	0	0	0	0	0	0	0	0	0	0	0	0	0	0	0	0	0	0	0	0	
3580	0	0	0	0	0	0	0	0	0	0	0	0	0	0	0	0	2.5	0	0	0	0	0	0	0	0	0	0	0	0	0	
3581	0	0	0	0	0	0	0	0	0	0	0	0	0	0	0	0	0	0	0	0	0	0	0	0	0	0	0	4.0	0	0	
448	0	0	0	0	0	0	0	0	0	0	0	0	0	0	0	0	0	0	0	0	0	0	0	4.0	0	0	0	0	0	0	
4198	0	0	0	0	0	0	0	0	0	0	0	0	0	0	0	0	0	0	0	0	0	0	0	0	0	0	0	0	3.5	0	
2762	0	0	0	0	0	0	0	0	0	0	0	0	0	0	0	0	0	0	0	0	0	4.0	0	0	0	0	0	0	0	0	
1333	0	0	3.5	0	0	0	0	0	0	0	0	0	0	0	0	0	0	0	0	0	0	0	0	0	0	0	0	0	0	0	
4359	0	0	0	0	0	0	4.0	0	0	0	0	0	0	0	0	0	0	0	0	0	0	0	0	0	0	0	0	0	0	0	
4353	0	0	0	0	0	0	0	0	0	0	0	0	0	0	0	0	0	0	0	4.0	0	0	0	0	0	0	0	0	0	0	
2488	0	0	0	0	0	0	0	0	0	0	4.5	0	0	0	0	0	0	4.0	0	0	0	5.0	0	0	0	0	0	0	0	0	
2040	0	0	0	0	0	0	2.0	0	0	0	0	0	0	0	0	0	0	0	0	0	0	0	0	0	0	0	0	0	0	0	
2041	0	0	0	0	0	0	0	0	0	0	0	0	0	0	0	0	0	0	0	0	0	0	3.5	0	0	0	0	0	0	0	
1843	0	0	0	0	0	0	0	0	0	0	0	0	0	0	0	0	0	0	0	0	0	0	0	0	0	0	5.0	0	0	0	
5573	0	5.0	0	0	0	0	0	0	0	0	0	0	0	0	0	0	0	0	0	0	0	0	0	0	0	0	0	0	0	0	
2049	0	0	0	0	0	0	0	0	0	0	0	0	5.0	0	0	0	0	0	0	0	0	0	0	0	0	0	0	0	0	0	
1536	0	0	0	0	0	0	5.0	3.5	0	0	0	0	0	0	0	0	0	0	0	0	0	0	5.0	0	0	0	0	0	0	0	
3096	0	5.0	0	0	0	0	0	0	0	0	0	0	0	0	0	0	0	0	0	0	0	0	0	0	0	0	0	0	0	0	
1244	0	0	0	0	0	0	0	0	0	0	0	0	0	0	0	0	0	0	0	0	0	0	0	0	0	0	0	4.5	0	0	
6071	0	0	0	0	0	0	4.5	0	0	0	0	0	0	0	0	0	0	0	0	0	0	0	0	0	0	0	0	0	0	0	
3095	0	0	0	0	0	0	0	0	0	0	0	0	0	0	0	0	0	5.0	0	0	0	0	0	0	0	0	0	0	0	0	
3098	0	0	0	0	0	0	0	0	0	0	0	0	0	0	0	0	0	0	0	0	0	0	0	0	0	5.0	0	0	0	0	
3099	0	0	0	0	0	2.0	0	0	0	0	0	0	0	0	0	0	2.5	0	0	0	0	0	0	0	4.5	0	0	0	0	0	
1539	0	0	0	0	0	0	0	0	0	0	0	0	0	0	0	0	0	0	0	0	0	0	0	2.5	0	0	0	0	0	0	
334	0	0	0	0	0	0	0	0	0	0	0	0	0	0	0	0	0	0	5.0	0	5.0	0	0	0	0	0	0	0	0	0	
8348	5.0	0	0	0	0	0	0	0	0	0	0	0	0	0	0	0	0	0	0	0	0	0	0	0	0	0	0	0	0	0	
1907	0	0	0	0	0	0	0	0	0	0	0	0	0	0	0	0	4.0	0	0	0	0	0	0	0	0	0	0	0	0	0	
1902	0	0	0	0	5.0	0	0	0	0	0	0	0	0	0	0	0	0	0	0	0	0	0	0	0	0	0	0	0	0	0	
8193	5.0	0	0	0	0	0	0	0	0	0	0	0	0	0	0	0	0	0	5.0	0	0	0	0	0	0	0	0	0	0	0	
857	0	0	0	0	0	0	0	0	0	0	0	0	0	0	0	5.0	0	0	0	0	0	0	0	0	0	0	0	0	0	0	
7412	0	5.0	0	0	0	0	0	0	0	0	0	0	0	0	0	0	0	0	0	0	0	0	0	0	0	0	0	0	0	0	
2682	0	5.0	0	0	0	0	0	0	0	0	0	0	0	0	0	0	0	0	0	0	0	0	0	0	0	0	0	0	0	0	
95	0	0	0	0	0	0	0	0	0	0	0	0	0	0	0	0	0	0	0	0	0	0	0	0	0	0	0	0	4.0	0	
812	0	0	0	0	0	0	0	0	0	0	0	0	0	0	0	0	0	0	0	0	0	0	0	0	0	5.0	0	0	5.0	0	
5951	0	0	0	0	0	0	0	0	0	0	4.5	0	0	0	0	0	0	0	0	0	0	0	0	0	0	0	0	0	0	0	
1625	0	0	0	0	0	0	0	0	0	0	0	0	0	0	0	0	0	0	0	0	0	0	0	0	0	0	0	0	0	5.0	
1624	0	0	0	0	0	1.5	0	0	0	0	0	0	0	0	0	0	0	0	0	0	0	0	0	0	0	0	0	0	0	0	
5799	0	0	0	0	0	0	0	0	0	0	0	0	0	0	0	0	2.0	0	0	0	0	0	0	0	0	0	0	0	0	0	
2863	4.0	0	0	0	0	0	0	0	0	0	0	0	0	0	0	0	0	0	0	0	0	0	0	0	0	0	0	0	0	0	
3638	0	0	0	0	0	0	0	0	0	0	5.0	0	0	0	0	0	0	0	0	0	0	0	0	0	0	0	0	0	0	0	
3636	0	0	0	0	0	0	3.0	0	0	0	0	0	0	0	0	0	0	0	0	0	0	0	0	0	0	0	0	0	0	0	
3632	0	0	0	0	0	0	0	0	0	0	3.0	0	0	0	0	0	0	0	0	0	0	0	0	0	0	0	0	0	0	0	
237	0	0	0	0	0	0	0	0	5.0	0	0	0	0	0	0	0	0	0	0	0	0	0	0	0	0	0	0	0	0	0	
426	0	0	0	0	0	0	0	0	0	0	0	0	0	0	0	0	3.0	0	0	0	0	0	0	0	0	0	0	0	0	0	
6108	0	0	0	0	0	0	0	0	0	0	0	0	0	0	0	0	0	0	0	0	0	0	0	0	0	0	0	0	0	4.5	
2227	0	0	0	0	0	4.5	0	0	0	0	0	0	0	0	0	0	0	0	0	0	0	0	0	0	0	0	0	0	0	0	
5922	0	0	0	0	0	0	0	0	0	0	0	0	0	0	0	0	0	0	0	0	0	3.5	0	0	0	0	0	0	0	0	
1691	4.0	0	0	0	0	0	0	0	0	0	0	0	4.5	0	0	0	0	0	0	0	0	0	0	0	0	0	0	0	0	0	
5728	0	0	5.0	0	0	0	0	0	0	0	0	0	0	0	0	0	0	0	0	0	0	0	0	0	0	0	0	0	0	0	
1889	0	0	0	0	0	0	0	4.0	0	5.0	0	0	5.0	0	0	5.0	0	0	0	0	0	0	0	0	0	0	5.0	0	0	0	
1882	0	0	0	0	0	0	0	0	0	0	0	3.5	0	0	0	0	0	0	0	0	0	0	0	0	0	0	0	0	0	0	
1285	0	0	0	0	0	3.0	0	0	0	0	0	0	0	0	0	0	0	0	0	0	0	0	0	0	0	0	0	0	0	0	
1284	0	0	0	0	0	0	0	0	0	3.5	0	0	4.5	3.0	0	0	0	0	0	0	0	0	0	0	0	0	0	0	0	0	
1287	0	0	0	0	0	0	0	0	0	0	0	0	4.5	0	0	0	0	0	0	0	0	0	0	4.0	0	0	0	0	0	0	
1280	0	0	0	0	0	0	0	0	0	0	0	0	4.0	0	0	0	0	0	0	0	0	0	0	0	0	0	0	0	0	0	
1283	0	0	0	0	0	0	0	0	0	0	0	0	0	3.0	0	0	0	0	0	0	0	0	0	0	0	0	0	0	0	0	
942	0	0	0	0	0	0	0	0	0	0	0	0	0	0	0	0	0	0	0	0	0	0	0	0	5.0	0	0	0	0	0	
1288	0	0	0	0	4.0	0	0	0	0	0	0	0	0	0	0	0	0	0	0	0	0	0	0	0	0	0	0	0	0	0	
3111	0	0	0	0	0	0	0	0	0	0	0	0	0	0	0	0	0	0	0	0	0	4.0	0	0	0	0	0	0	0	0	
1578	0	0	0	0	0	0	0	0	0	0	0	0	0	0	0	0	0	0	0	0	0	0	0	0	3.5	0	0	0	0	0	
5451	0	0	0	0	0	0	4.5	0	0	0	0	0	0	0	0	0	0	0	0	0	0	0	0	0	0	0	0	0	0	0	
1573	0	0	0	0	0	0	0	0	0	0	0	0	0	0	0	0	0	0	0	0	0	0	0	4.0	0	0	0	0	0	0	
1572	0	0	0	0	0	0	0	0	0	0	0	0	0	0	0	0	0	0	0	3.0	0	4.0	0	0	0	0	0	0	0	0	
6031	0	0	0	0	0	0	0	0	0	0	0	0	0	0	0	0	0	0	0	0	0	0	4.0	0	0	0	0	0	0	0	
6030	0	0	0	0	0	0	0	0	0	0	0	0	0	0	0	0	0	0	5.0	0	0	0	0	0	0	0	0	0	0	0	
681	0	0	0	0	0	0	0	0	0	0	0	0	5.0	0	0	0	0	0	0	0	0	0	0	0	0	0	0	0	0	0	
1575	0	0	0	0	0	0	4.0	0	0	0	0	0	0	0	0	0	0	0	0	0	0	0	0	0	0	0	0	0	0	0	
1574	0	0	0	0	0	1.0	0	0	0	5.0	0	0	0	0	0	0	0	0	0	0	0	0	0	0	0	0	0	0	0	0	
1300	0	0	0	0	0	0	0	0	0	0	0	0	0	0	0	0	0	0	0	0	0	0	4.0	0	0	0	0	0	0	0	
1303	0	0	0	0	0	0	0	0	0	0	0	0	0	0	0	0	0	0	0	0	0	0	0	0	0	0	0	0	0	5.0	
127	0	0	0	0	4.5	0	0	0	0	0	0	0	0	0	0	0	0	0	0	0	0	0	0	0	0	0	0	0	0	0	
1308	0	0	0	0	0	0	5.0	0	0	0	0	0	0	4.0	0	0	0	0	0	0	0	0	0	0	0	0	0	0	0	0	
6158	0	0	0	0	0	0	0	0	0	0	0	4.0	0	0	0	0	0	0	0	0	0	0	0	0	0	0	0	0	0	4.5	
5744	0	0	0	0	0	0	0	0	0	0	0	0	0	0	0	0	0	0	0	0	0	0	0	0	0	0	0	0	0	5.0	
5748	0	0	0	0	0	0	0	0	0	0	0	0	0	0	0	0	0	0	0	0	3.0	0	0	0	0	0	0	0	0	5.0	
7958	4.0	0	0	0	0	0	0	0	0	0	0	0	0	0	0	0	0	0	0	0	0	0	0	0	0	0	0	0	0	0	
1834	0	0	0	0	0	0	0	0	0	0	0	0	0	0	0	0	0	0	0	0	0	0	0	0	0	0	0	3.0	0	0	
3795	0	0	0	0	0	0	0	0	0	0	0	0	0	0	0	0	0	0	0	0	0	0	0	0	4.0	0	0	0	0	0	
3796	0	0	0	0	0	0	0	0	4.0	0	0	0	0	0	0	0	0	0	0	0	0	0	0	0	0	0	0	0	0	0	
4985	0	5.0	0	0	0	0	0	0	0	0	0	0	0	0	0	0	0	0	0	0	0	0	0	0	0	0	0	0	0	0	
4986	0	0	0	0	0	0	0	0	0	0	0	3.0	0	0	0	0	0	0	0	0	0	0	0	0	0	0	0	0	0	0	
937	5.0	0	0	0	0	0	0	0	0	0	0	0	0	0	0	0	0	0	0	0	0	0	0	0	0	0	0	0	0	0	
935	0	0	0	0	0	3.5	0	0	0	0	0	0	0	0	0	0	0	0	0	0	0	0	0	0	0	0	0	0	0	0	
2409	0	0	0	0	0	0	0	0	0	0	0	0	0	0	0	0	0	0	0	0	0	0	0	0	0	0	5.0	0	0	0	
4030	0	0	0	0	0	0	0	0	0	0	0	0	0	0	0	0	0	0	0	0	0	0	0	0	0	0	0	0	0	5.0	
4034	0	5.0	0	0	0	0	0	0	0	0	0	0	0	0	0	0	0	0	0	0	0	0	0	0	0	0	0	0	0	0	
6719	0	0	0	0	0	0	0	0	0	0	0	0	0	0	0	0	0	0	3.5	0	0	0	0	0	0	0	0	0	0	0	
1118	0	0	0	0	4.0	0	0	0	0	0	0	0	0	0	0	0	0	0	0	0	0	0	0	0	0	0	0	0	0	0	
6850	0	0	0	0	0	0	0	0	0	0	0	0	0	0	0	0	0	0	0	0	0	0	0	0	0	0	0	0	0	5.0	
395	0	0	0	0	0	0	0	0	0	0	0	0	0	0	0	0	0	0	0	0	0	0	0	5.0	0	0	0	0	0	0	
82	0	0	0	0	0	0	0	0	0	0	0	0	5.0	0	0	5.0	0	0	0	0	5.0	0	0	0	0	0	0	0	0	0	
1822	0	0	0	0	0	0	0	0	0	0	0	4.0	0	0	0	0	0	0	0	0	0	0	0	0	0	0	0	0	0	0	
3912	0	0	0	0	4.5	0	0	0	0	0	0	0	0	0	0	0	0	0	0	0	0	5.0	0	0	0	0	0	0	0	0	
797	0	0	0	0	0	0	0	0	0	0	0	0	0	0	0	4.5	0	0	0	0	0	0	0	0	0	0	0	0	0	0	
2308	0	0	0	0	0	0	0	0	5.0	0	0	0	0	0	0	0	0	0	0	0	0	0	0	0	0	0	0	0	0	0	
795	0	0	0	0	0	0	0	0	0	0	0	0	0	5.0	0	0	0	0	0	0	0	0	0	0	0	0	0	0	0	0	
1715	0	5.0	0	0	0	0	0	0	0	0	0	0	0	0	0	0	0	0	0	0	0	0	0	0	0	0	0	0	0	0	
6786	0	0	0	0	0	0	0	0	0	0	0	3.0	0	0	0	0	0	0	0	0	0	0	0	0	0	0	0	0	0	0	
173	0	0	0	0	0	0	0	0	0	0	0	0	0	0	0	0	0	0	0	0	0	0	0	0	0	0	0	0	2.0	0	
2306	0	0	5.0	0	0	0	0	0	1.0	0	0	0	0	0	0	0	0	0	0	0	0	0	0	0	0	0	0	0	0	0	
1659	0	0	0	0	0	0	5.0	0	0	0	0	0	0	0	0	0	0	0	0	0	0	0	0	0	0	0	0	0	0	0	
1650	0	0	0	0	0	0	0	0	0	0	0	0	0	0	0	0	0	0	0	0	0	0	0	0	0	0	5.0	0	0	0	
1656	0	0	0	0	0	0	0	3.5	0	5.0	0	0	0	0	0	0	0	0	0	0	0	0	0	0	0	0	5.0	0	0	0	
5965	4.0	0	0	0	0	0	0	0	0	0	0	0	0	0	0	0	0	0	0	0	0	0	0	0	0	0	0	0	0	0	
2289	0	0	0	0	0	0	0	0	0	0	0	0	0	0	0	0	0	4.0	0	0	0	0	0	0	0	0	0	0	0	0	
6581	0	0	0	0	0	0	0	3.0	0	0	0	0	0	0	0	0	0	0	0	0	0	0	0	0	0	0	0	0	0	0	
582	0	0	0	0	0	0	0	0	0	0	0	0	0	0	0	0	0	0	0	4.0	0	0	0	0	0	0	0	0	0	0	
580	0	0	0	0	0	0	0	0	0	0	0	0	0	0	0	0	3.0	0	0	0	0	0	0	0	0	0	0	0	0	0	
2883	0	0	0	0	0	0	0	0	0	0	0	0	0	0	0	0	0	0	0	0	0	0	0	0	0	0	0	0	0	2.5	
1133	0	0	0	0	0	0	0	0	0	0	0	0	0	0	0	0	0	0	0	0	0	0	0	5.0	4.5	0	4.0	0	0	0	
588	0	0	0	0	5.0	0	0	0	0	0	0	0	0	0	0	0	0	0	0	0	0	0	0	0	0	0	0	0	0	0	
241	0	0	5.0	0	0	0	0	0	0	0	0	0	0	0	0	0	0	0	0	0	0	0	0	0	0	0	0	0	0	0	
1432	0	0	5.0	0	0	0	0	0	0	0	0	0	0	0	0	0	0	0	0	3.0	0	0	0	0	0	0	0	0	0	0	
1430	0	0	0	0	0	0	0	0	0	0	0	0	0	0	0	0	0	0	0	3.0	0	0	0	0	0	0	0	0	0	0	
1431	0	0	0	0	0	0	0	0	1.0	0	0	0	0	0	0	0	0	0	0	0	0	0	0	0	0	0	0	0	0	0	
518	0	0	0	0	0	0	0	0	0	0	0	0	0	0	0	0	0	0	0	0	0	0	0	0	0	0	0	0	4.5	0	
1348	0	0	0	0	0	0	0	0	0	0	0	0	0	0	0	0	0	0	0	0	0	0	0	4.0	0	0	0	0	0	0	
4264	0	0	0	0	0	0	0	0	0	0	0	5.0	0	0	0	0	0	0	0	0	0	0	0	0	0	0	0	0	0	0	
1340	0	0	0	0	0	0	0	0	0	0	0	0	0	0	0	5.0	0	0	0	0	0	0	0	0	0	0	0	0	0	0	
4183	0	0	0	0	0	0	0	0	0	0	0	0	0	0	0	0	0	0	0	3.0	0	0	0	0	0	0	0	0	0	0	
2451	0	0	0	0	0	0	0	0	4.0	0	0	0	0	0	0	0	0	0	0	0	0	0	0	0	0	0	0	0	0	0	
4184	0	0	0	0	0	0	0	0	0	0	0	0	0	5.0	0	0	0	0	0	0	0	0	0	0	0	0	0	0	0	0	
4187	0	0	0	0	0	0	0	0	0	0	0	0	0	4.5	0	0	0	0	0	0	0	0	0	0	0	0	0	0	0	0	
8290	0	5.0	0	0	0	0	0	0	0	0	0	0	0	0	0	0	0	0	0	0	0	0	0	0	0	0	0	0	0	0	
179	0	0	0	0	0	0	0	0	0	0	0	0	0	0	0	0	0	0	0	0	0	0	0	0	0	4.5	0	0	0	0	
4347	0	0	0	0	0	0	0	0	0	0	0	0	0	0	0	0	0	0	0	0	0	0	0	0	0	0	0	4.5	0	0	
7911	4.5	0	0	0	0	0	0	0	0	0	0	0	0	0	0	0	0	0	0	0	0	0	0	0	0	0	0	0	0	0	
6921	0	0	0	0	0	0	0	0	0	0	0	3.5	0	0	0	0	0	0	0	0	0	0	0	0	0	0	0	0	0	0	
6539	0	0	0	0	0	0	3.5	0	0	0	0	0	0	0	0	0	0	0	0	0	0	0	0	0	0	0	0	0	0	0	
977	0	0	0	0	5.0	0	0	0	0	0	0	0	0	0	0	0	0	0	0	0	0	0	0	0	0	0	0	0	0	0	
976	0	0	0	0	0	0	4.0	0	0	0	0	0	0	0	0	0	0	0	0	0	0	0	0	0	3.5	0	0	0	0	0	
975	0	0	0	0	0	0	5.0	0	0	0	0	0	0	0	0	0	0	0	0	0	0	0	0	0	0	0	0	0	0	0	
972	0	0	0	0	0	4.0	0	0	0	0	0	0	0	0	0	0	0	0	0	0	0	0	0	0	0	0	0	0	0	0	
2884	0	0	0	0	0	0	0	0	0	0	5.0	0	0	0	0	0	0	0	0	0	0	0	0	0	0	0	0	0	0	0	
2056	0	0	4.0	0	0	0	0	0	0	0	0	0	0	0	0	0	0	0	0	0	0	0	0	0	0	0	0	0	0	0	
3695	0	0	0	0	0	0	0	0	0	0	0	0	0	0	0	0	0	0	0	0	0	0	0	0	0	4.5	0	0	0	0	
652	0	0	3.0	0	0	0	0	0	0	0	0	0	0	0	0	0	0	0	0	0	0	0	0	0	0	0	0	0	0	0	
1507	0	0	0	0	0	0	0	0	0	5.0	0	0	0	0	0	0	0	0	0	0	0	0	0	5.0	0	0	0	0	4.5	0	
186	0	0	0	0	0	0	0	0	0	5.0	0	0	5.0	0	0	0	0	0	0	0	0	0	5.0	0	5.0	0	0	0	0	0	
1508	0	0	0	0	0	0	0	0	0	0	0	0	0	0	0	0	0	0	0	0	0	0	0	4.0	0	0	0	0	0	0	
6504	0	0	0	0	0	0	0	0	0	0	0	0	0	4.0	0	0	0	0	0	0	0	0	0	0	0	0	0	0	0	0	
7352	0	5.0	0	0	0	0	0	0	0	0	0	0	0	0	0	0	0	0	0	0	0	0	0	0	0	0	0	0	0	0	
3140	0	0	0	0	0	0	0	0	0	0	4.5	0	0	0	0	0	0	0	0	0	0	0	0	0	0	0	0	0	0	0	
16	0	0	0	0	0	0	0	0	0	0	0	0	0	0	0	0	0	0	0	0	0	0	0	4.0	0	0	0	0	0	0	
866	0	0	0	0	0	0	0	0	0	0	0	0	0	0	0	4.0	0	0	0	0	0	0	0	0	0	0	0	0	0	0	
3906	0	0	0	0	3.0	0	0	0	0	0	0	0	0	0	0	0	0	0	0	0	0	0	0	0	0	0	0	0	0	0	
3901	0	0	0	0	4.0	0	0	0	0	0	0	0	0	0	0	0	0	0	0	0	0	0	0	0	0	0	0	0	0	0	
3902	0	0	0	0	0	0	0	0	0	0	4.5	0	0	0	0	0	0	0	0	0	0	0	0	0	0	0	0	0	0	0	
884	0	0	0	0	0	0	0	0	0	0	0	0	0	0	0	0	0	0	0	0	0	0	0	0	5.0	0	0	0	0	0	
3113	5.0	0	0	0	0	0	0	0	0	0	0	0	0	0	0	0	0	0	4.0	0	0	0	0	0	0	0	0	0	0	0	
2084	0	0	0	0	0	0	0	0	0	0	0	0	0	0	0	0	0	0	4.0	0	0	0	0	0	0	0	0	4.0	0	0	
7320	0	0	0	0	0	0	0	0	0	0	0	4.0	0	0	0	0	0	0	0	0	0	0	0	0	0	0	0	0	0	0	
7321	0	5.0	0	0	0	0	0	0	0	0	0	0	0	0	0	0	0	0	0	0	0	0	0	0	0	0	0	0	0	0	
1619	0	0	0	0	0	0	0	0	0	0	0	0	0	0	0	0	0	0	0	0	0	0	0	0	0	4.5	0	0	0	0	
1617	0	0	0	0	0	0	0	0	0	0	0	0	0	0	0	0	0	0	0	0	0	0	0	0	0	0	0	0	0	4.5	
1612	0	0	0	0	0	0	0	0	0	4.5	0	0	0	0	0	0	0	0	0	0	0	0	0	0	0	0	0	0	0	0	
1613	0	0	0	0	0	0	3.5	0	0	0	0	0	0	0	0	0	0	0	0	0	0	0	0	0	0	0	0	0	0	0	
771	0	0	0	0	0	0	0	0	0	0	0	0	0	0	0	0	0	0	4.0	0	0	0	0	0	0	0	0	3.0	0	0	
770	0	0	0	0	0	0	0	0	0	0	0	0	0	0	0	0	0	0	0	0	0	0	0	5.0	0	0	4.5	0	0	0	
2875	0	0	0	0	0	0	0	0	0	0	0	0	0	0	0	0	0	0	0	0	0	4.5	0	0	0	0	0	0	0	0	
830	0	0	0	0	0	0	0	0	0	0	0	0	0	0	0	0	0	0	0	0	0	0	0	0	0	0	0	0	2.0	0	
3351	0	0	0	0	0	0	0	0	0	0	0	0	0	3.0	0	0	0	0	0	0	0	0	0	0	0	0	0	0	0	0	
70	0	0	0	0	0	0	0	0	0	0	0	0	0	0	0	0	0	0	0	0	0	0	0	0	0	0	0	0	4.5	0	
2971	0	0	0	0	0	0	0	0	0	0	0	0	0	0	0	0	4.0	0	0	0	0	0	0	0	0	0	0	0	0	0	
6861	0	0	0	0	0	0	0	0	0	0	0	4.0	0	0	0	0	0	0	0	0	0	0	0	0	0	0	0	0	0	0	
2238	0	0	0	0	0	0	0	0	0	0	0	0	0	0	0	0	2.5	0	0	0	0	0	0	0	0	0	0	0	0	0	
1045	0	0	0	0	0	0	0	0	0	0	0	0	4.5	0	0	0	0	0	0	0	0	0	0	0	0	0	0	0	0	0	
2187	0	5.0	0	0	0	0	0	0	0	0	0	0	0	0	0	0	0	0	0	0	0	0	0	0	0	0	0	0	0	0	
668	0	0	0	0	0	0	0	0	0	0	0	0	0	0	0	0	0	0	0	3.5	0	0	0	0	0	0	0	0	0	0	
1266	0	0	0	0	0	0	0	0	0	0	0	0	0	0	0	0	0	0	0	0	0	0	0	4.0	0	0	0	0	0	0	
661	0	0	0	0	0	0	0	0	0	0	0	0	0	0	0	0	0	0	0	0	0	0	5.0	0	0	0	0	0	0	0	
2097	0	0	0	0	0	1.5	0	0	0	0	0	0	0	0	0	0	0	0	0	0	0	0	0	0	0	0	0	0	0	0	
5502	5.0	0	0	0	0	0	0	0	0	0	0	0	0	0	0	0	0	0	0	0	0	0	0	0	0	0	0	0	0	0	
3651	0	0	0	0	0	0	0	0	0	0	0	0	0	0	0	0	2.0	0	0	0	0	0	0	0	0	0	0	0	0	0	
3653	0	0	0	0	0	0	0	0	0	0	0	0	0	0	0	0	3.0	0	0	0	0	0	0	0	0	0	0	0	0	0	
1545	0	0	0	0	0	0	0	0	0	0	0	0	5.0	0	0	0	0	0	0	0	0	0	0	0	0	0	0	0	0	0	
1540	0	0	0	0	0	0	0	0	0	0	0	0	0	0	0	0	0	5.0	0	0	0	0	0	0	0	0	0	0	0	0	
698	0	0	0	0	0	0	0	0	0	0	0	0	0	0	0	0	0	0	0	4.5	0	0	0	0	0	0	0	0	0	0	
1549	0	0	0	0	0	0	0	0	0	0	0	0	0	0	0	0	0	0	0	0	5.0	0	0	0	0	0	0	0	0	0	
8711	5.0	0	0	0	0	0	0	0	0	0	0	0	0	0	0	0	0	0	0	0	0	0	0	0	0	0	0	0	0	0	
1408	0	0	0	0	0	0	0	0	0	0	0	0	0	0	0	5.0	0	0	0	0	0	0	0	0	0	0	0	0	0	0	
549	0	0	5.0	0	0	0	0	0	0	0	0	0	0	0	0	0	0	0	0	0	0	0	0	0	0	0	0	0	0	0	
1460	0	0	0	0	0	0	0	0	0	0	0	0	0	0	0	5.0	0	0	0	0	0	0	0	0	0	0	0	0	0	0	
7395	0	0	0	0	0	0	0	0	0	0	0	0	0	0	0	0	0	0	0	0	0	0	0	0	0	0	0	4.0	0	0	
2465	0	0	5.0	0	0	0	0	0	0	0	0	0	0	0	0	0	0	0	0	0	0	0	0	0	0	0	0	0	0	0	
1315	0	0	0	0	0	0	0	0	0	0	0	0	0	0	0	0	0	0	0	0	0	0	5.0	0	0	0	0	0	0	0	
3405	0	0	0	0	0	0	0	0	0	0	0	0	0	0	0	0	2.5	0	0	0	0	0	0	0	0	0	0	0	0	0	
3406	0	0	0	0	0	0	0	0	4.0	0	0	0	0	0	0	0	0	0	0	0	0	0	0	0	0	0	0	0	0	0	
128	0	0	0	0	0	0	0	0	0	5.0	0	0	0	3.5	0	0	0	0	0	0	0	0	0	0	0	0	0	0	0	0	
1021	0	0	0	0	0	3.0	0	4.0	0	0	0	0	0	0	0	0	0	0	0	0	0	0	0	0	0	0	0	0	0	0	
7440	0	0	0	0	0	0	0	4.0	0	0	0	0	0	0	0	0	0	0	0	0	0	0	0	0	0	0	0	0	0	0	
7449	0	5.0	0	0	0	0	0	0	0	0	0	0	0	0	0	0	0	0	0	0	0	0	0	0	0	0	0	0	0	0	
6567	0	0	0	0	0	0	0	0	0	0	0	0	0	0	0	0	0	0	0	0	3.0	0	0	0	0	0	0	0	0	0	
1826	0	0	0	0	0	0	0	0	0	0	0	0	0	0	0	0	0	4.0	0	0	0	0	0	0	0	0	0	0	0	0	
7439	0	0	0	0	0	0	0	0	0	0	0	5.0	0	0	0	0	0	0	0	0	0	0	0	0	0	0	0	0	0	0	
2061	0	0	0	0	0	4.5	0	0	0	0	0	0	0	0	0	0	0	0	0	0	0	0	0	0	0	0	0	0	0	0	
2062	0	0	0	0	0	0	0	0	0	0	0	0	0	0	0	0	0	4.0	0	0	0	0	0	0	0	0	0	0	0	0	
924	0	0	0	0	0	3.0	0	4.0	0	0	0	0	0	0	0	5.0	0	0	0	0	0	0	0	0	0	0	0	0	0	0	
3826	0	0	0	0	0	4.0	0	0	0	0	0	0	0	0	0	0	0	0	0	0	0	0	0	0	0	0	0	0	0	0	
3279	0	0	0	0	0	0	0	0	0	0	0	0	0	0	0	0	0	0	0	0	0	5.0	0	0	0	0	0	0	0	0	
3475	0	0	0	0	0	0	0	0	0	0	0	0	0	0	0	0	0	0	0	0	0	0	0	0	3.5	0	0	0	0	0	
4280	0	0	0	0	0	0	0	0	0	0	0	0	0	0	0	0	0	0	0	0	0	0	0	0	0	5.0	0	0	0	0	
3471	0	0	0	0	0	0	0	0	3.0	0	0	0	0	0	0	0	0	0	0	0	0	0	0	0	0	0	0	0	0	0	
7366	0	0	0	0	0	0	0	0	0	0	0	0	0	0	0	0	0	0	4.0	0	0	0	0	0	0	0	0	0	0	0	
363	5.0	0	0	0	0	0	0	0	0	0	0	0	0	0	0	0	0	0	0	0	0	0	0	0	0	0	0	0	0	0	
381	0	0	0	0	0	0	0	0	0	0	0	0	0	0	0	0	0	0	0	0	0	0	0	0	0	0	0	4.0	0	0	
382	0	0	0	0	0	0	0	0	0	0	0	0	0	0	0	0	0	0	0	0	0	0	0	0	0	5.0	0	0	0	0	
6773	0	0	0	0	0	0	0	0	0	0	0	4.0	0	0	0	0	0	0	0	0	0	0	0	0	0	0	0	0	0	0	
578	0	0	0	0	0	0	0	0	0	0	4.5	0	0	0	0	0	0	0	0	0	0	0	0	0	0	0	0	0	0	0	
574	0	0	0	0	0	0	0	0	0	0	0	0	0	0	0	0	0	0	0	0	0	0	0	0	0	5.0	5.0	0	0	0	
2190	0	0	0	0	0	1.0	0	0	0	0	0	0	0	0	0	0	0	0	0	0	0	0	0	0	0	0	0	0	0	0	
3007	0	0	0	0	0	0	0	0	0	0	0	0	0	3.5	0	0	0	0	0	0	0	0	0	0	0	0	0	0	0	0	
3006	0	0	0	0	0	0	0	0	0	0	0	0	0	3.5	0	0	0	0	0	0	0	0	0	0	0	0	0	0	0	0	
3001	0	0	0	0	0	1.5	0	0	0	0	0	0	0	0	0	0	0	0	0	0	0	0	0	0	0	0	0	0	0	0	
256	0	0	0	0	0	0	0	0	0	0	0	0	0	0	0	0	0	0	0	0	0	0	0	0	4.5	0	0	4.5	0	0	
255	0	0	0	0	0	0	0	0	0	0	0	0	0	0	0	0	0	0	4.5	0	0	0	0	0	0	0	0	0	0	0	
1422	0	0	0	0	0	0	0	0	0	0	0	0	0	0	0	0	0	0	0	0	0	0	5.0	0	0	0	0	0	0	0	
1427	0	0	4.0	0	0	0	0	0	0	0	0	0	0	0	0	0	0	0	0	3.0	0	0	0	0	0	0	0	0	0	0	
1428	0	0	4.0	0	0	0	0	0	0	0	0	0	0	0	0	0	0	0	0	3.0	0	0	0	0	0	0	0	0	0	0	
1580	0	0	0	0	0	0	0	0	0	0	0	0	0	0	0	0	0	0	0	0	0	0	5.0	3.5	0	0	0	0	0	0	
1586	0	0	0	0	0	0	0	0	0	0	0	0	0	0	0	0	2.0	0	0	0	0	0	0	0	0	0	0	0	0	0	
1030	0	0	0	0	0	0	0	0	0	0	0	0	0	0	0	5.0	0	0	0	0	0	0	0	0	0	0	0	0	0	0	
503	0	0	0	0	0	0	0	0	0	0	0	0	0	0	0	0	0	0	4.0	0	0	0	0	0	0	0	0	0	0	0	
4270	0	0	0	0	0	0	0	0	0	0	0	0	0	0	0	0	0	0	0	0	0	0	0	0	0	0	0	0	0	5.0	
468	0	0	0	0	0	0	0	0	0	0	0	0	0	0	0	0	0	0	0	0	0	0	0	0	5.0	0	0	0	0	0	
636	0	0	0	0	0	0	0	0	0	0	0	0	0	0	0	0	0	0	0	0	4.0	0	0	0	0	0	0	0	0	0	
466	0	0	0	0	0	0	0	0	0	0	0	0	5.0	0	0	0	0	0	0	0	0	0	0	0	0	0	5.0	0	5.0	0	
6520	0	0	0	0	0	0	0	0	0	0	0	0	0	0	0	0	0	0	0	0	0	0	0	0	0	0	0	4.0	0	0	
169	0	0	5.0	0	0	0	0	0	0	0	0	0	0	0	0	0	0	0	0	0	0	0	0	0	0	0	0	0	0	0	
161	0	0	0	0	0	0	0	0	0	4.0	0	0	0	0	0	0	0	0	0	0	0	0	0	0	0	0	0	0	0	0	
964	0	0	0	0	0	0	0	0	0	0	0	0	0	0	0	0	0	0	4.5	0	0	0	0	0	0	0	0	0	0	0	
965	0	0	0	0	0	0	0	0	0	0	0	0	0	0	0	4.5	0	0	0	0	0	0	0	0	0	0	0	0	0	0	
6353	0	0	0	0	0	0	0	0	0	0	0	0	0	4.0	0	0	0	0	0	0	0	0	0	0	0	0	0	0	0	0	
969	0	0	0	0	0	0	0	0	0	0	0	0	0	0	0	0	0	0	0	0	5.0	0	0	0	0	0	0	0	0	0	
6197	0	0	0	0	0	0	0	0	0	0	0	0	0	0	0	0	0	0	4.0	0	0	0	0	0	0	0	0	0	0	0	
1519	0	0	0	0	0	0	0	0	5.0	0	0	0	0	0	0	0	0	0	0	0	0	0	0	0	0	0	0	0	0	0	
1103	0	0	0	0	0	0	0	3.5	0	0	0	0	0	0	0	0	0	0	0	0	0	0	0	0	0	0	2.5	0	0	0	
1517	0	0	0	0	0	0	0	0	0	0	0	0	3.5	0	0	0	0	0	0	0	0	0	5.0	0	0	0	5.0	0	0	0	
6157	0	0	0	0	0	0	0	0	0	0	0	0	0	0	0	0	0	0	0	0	3.0	0	0	0	0	0	0	0	0	5.0	
1510	0	0	0	0	0	0	0	0	0	0	0	0	0	0	0	0	0	0	0	0	5.0	0	0	4.0	0	0	4.0	0	0	0	
8360	4.0	0	0	0	0	0	0	0	0	0	0	0	0	0	0	0	0	0	0	0	0	0	0	0	0	0	0	0	0	0	
3860	0	0	0	0	0	0	0	0	0	0	0	0	0	0	0	0	0	0	0	0	0	0	0	0	0	0	0	4.5	0	0	
4058	0	0	0	0	0	0	4.5	0	0	0	0	0	0	0	0	0	0	0	0	0	0	0	0	0	0	0	0	0	0	0	
6556	0	0	5.0	0	0	0	0	0	0	0	0	0	0	0	0	0	0	0	0	0	0	0	0	0	0	0	0	0	0	0	
6557	0	0	0	0	0	0	0	0	0	0	0	3.5	0	0	0	0	0	0	0	0	0	0	0	0	0	0	0	0	0	0	
1810	0	0	0	0	0	0	0	0	0	0	0	3.0	0	0	0	0	0	0	0	0	0	0	0	0	0	0	0	0	0	0	
6551	0	0	0	0	0	0	0	0	0	0	0	3.5	0	0	0	0	0	0	0	0	0	0	0	0	0	0	0	0	0	0	
878	0	0	0	0	0	2.5	0	0	0	0	0	0	0	0	0	0	0	0	0	0	0	0	0	0	0	0	0	0	0	0	
875	0	0	0	0	0	0	0	0	0	0	0	0	0	0	0	0	0	0	0	0	0	3.5	0	0	0	0	0	0	0	0	
895	0	0	0	0	0	2.5	0	4.0	0	0	0	0	0	0	0	0	0	0	0	0	0	0	0	0	0	0	0	0	0	0	
671	0	0	0	0	0	0	0	0	0	5.0	0	0	0	0	0	0	0	0	0	0	5.0	0	0	0	0	0	0	0	4.0	0	
1247	0	0	0	0	0	0	0	0	0	0	0	0	0	0	0	5.0	0	0	0	0	0	0	0	5.0	0	0	0	0	0	0	
8312	0	5.0	0	0	0	0	0	0	0	0	0	0	0	0	0	0	0	0	0	0	0	0	0	0	0	0	0	0	0	0	
1609	4.0	0	0	0	0	0	0	0	0	0	0	0	0	0	0	0	0	0	0	0	0	0	0	0	0	0	0	0	0	0	
1603	0	5.0	0	0	0	0	0	0	0	0	0	0	0	0	0	0	0	0	0	0	0	0	0	0	0	0	0	0	0	0	
3548	0	0	0	0	0	0	0	0	0	0	0	0	0	0	0	0	0	0	0	0	0	0	0	0	0	0	0	0	0	5.0	
357	0	0	0	0	0	0	0	0	0	0	0	0	0	0	0	0	0	0	0	0	0	0	0	0	4.0	0	0	0	3.5	0	
356	0	0	0	0	0	0	0	0	0	0	0	0	0	0	0	0	0	0	5.0	0	0	0	0	0	0	0	0	0	0	0	
354	0	0	0	0	0	0	0	0	0	0	0	0	0	0	0	0	0	0	4.5	0	0	0	0	0	0	0	0	0	0	0	
2961	0	0	0	0	0	0	0	0	0	0	0	0	0	0	0	0	0	0	0	0	0	0	0	0	0	0	0	0	1.5	0	
213	0	0	0	0	0	0	0	0	0	0	0	0	0	0	0	0	2.5	0	0	0	0	0	0	0	0	0	0	0	0	0	
2963	0	0	0	0	0	0	0	0	0	0	0	0	0	0	0	0	0	0	0	0	0	0	0	0	0	0	0	0	2.0	0	
2844	0	0	0	0	0	0	0	0	0	0	0	0	0	0	0	0	0	0	0	0	0	5.0	0	0	0	0	0	0	0	0	
1783	0	0	0	0	0	0	0	0	0	0	0	0	0	5.0	0	0	0	0	0	0	0	5.0	0	0	0	0	0	0	0	0	
3041	0	0	0	0	0	0	0	0	0	0	0	0	0	0	0	0	0	0	0	0	0	0	0	0	0	0	0	0	0	4.5	
6870	3.0	0	0	0	0	0	0	0	0	0	0	0	0	0	0	0	0	0	0	0	0	0	0	0	0	0	0	0	0	0	
1774	0	0	0	0	0	0	0	0	0	0	0	2.5	0	0	0	0	0	0	0	0	0	0	0	0	0	0	0	0	0	0	
1776	0	0	0	0	4.5	0	0	0	0	0	0	0	0	0	0	0	0	0	0	0	0	4.0	0	0	0	0	0	0	0	0	
7052	0	0	0	0	0	0	0	3.5	0	0	0	0	0	0	0	0	0	0	0	0	0	0	0	0	0	0	0	0	0	0	
3139	0	0	0	0	0	0	0	0	0	0	5.0	0	0	0	0	0	0	0	0	0	0	0	0	0	0	0	0	0	0	0	
7800	0	5.0	0	0	0	0	0	0	0	0	0	0	0	0	0	0	0	0	0	0	0	0	0	0	0	0	0	0	0	4.5	
678	0	5.0	0	0	0	0	0	0	0	0	0	0	0	0	0	0	0	0	0	0	0	0	0	0	0	0	0	0	0	0	
670	0	0	0	0	0	0	0	0	0	0	0	0	0	0	0	0	0	0	0	0	0	0	0	0	0	0	3.5	0	0	0	
1099	0	0	0	0	5.0	0	0	0	0	0	0	0	0	0	0	0	0	0	0	0	0	0	0	0	0	0	0	0	0	0	
4331	5.0	0	0	0	0	0	0	0	0	0	0	0	0	0	0	0	0	0	0	0	0	0	0	0	0	0	0	0	0	0	
3134	0	0	0	0	0	0	0	0	0	0	3.0	0	0	0	0	0	0	0	0	0	0	0	0	0	0	0	0	0	0	0	
267	5.0	0	0	0	0	0	0	0	0	0	0	0	0	0	0	0	0	0	0	0	0	0	5.0	5.0	0	0	0	0	0	0	
265	0	0	0	0	0	0	0	0	4.0	0	5.0	0	0	0	0	0	0	0	0	0	0	0	0	0	0	0	0	0	0	0	
264	0	0	0	0	0	0	0	0	0	0	0	0	0	0	0	0	0	0	5.0	0	0	0	0	0	0	0	0	0	0	0	
3645	0	0	0	0	0	0	0	0	0	0	0	0	0	0	0	0	0	4.0	0	0	0	0	0	0	0	0	0	0	0	0	
3643	0	0	0	0	0	0	0	0	0	0	0	0	0	0	0	0	0	4.0	0	0	0	0	0	0	0	0	0	0	0	0	
3642	0	0	0	0	0	0	0	0	4.0	0	0	0	0	0	0	0	0	4.0	0	0	0	0	0	0	0	0	0	0	0	0	
6014	0	0	0	0	0	0	3.5	0	0	0	0	0	0	0	0	0	0	0	0	0	0	0	0	0	0	0	0	0	0	0	
1557	0	0	0	0	0	0	0	0	0	0	0	0	0	0	0	0	0	0	0	0	0	4.0	0	0	0	0	0	0	0	0	
2991	0	0	0	0	0	0	0	0	0	0	0	0	0	0	0	0	4.0	0	0	0	0	0	0	0	0	0	0	0	0	0	
56	0	0	0	0	0	0	5.0	0	0	0	0	0	0	0	0	0	0	0	0	0	0	0	0	0	0	0	0	0	0	0	
2395	0	0	0	0	0	0	0	0	0	0	0	0	5.0	4.0	0	0	0	0	0	0	0	0	0	0	0	0	0	0	0	0	
2392	0	0	0	0	0	0	0	0	0	0	0	0	0	0	0	0	0	0	0	0	0	0	0	0	0	4.0	0	0	0	0	
2259	4.5	0	0	0	0	0	0	0	3.0	0	0	0	0	0	0	0	0	0	0	0	0	0	0	0	0	0	0	0	0	0	
1413	0	0	0	0	0	0	0	0	0	0	0	0	0	0	0	0	0	0	0	0	0	0	5.0	0	0	0	0	0	0	0	
2251	0	0	0	0	0	0	0	0	0	0	0	0	0	0	0	0	0	3.5	0	0	0	0	0	0	0	0	0	0	0	0	
2476	0	0	0	0	0	0	0	0	0	0	0	0	0	3.5	0	0	0	0	0	0	0	0	0	0	0	0	0	0	0	0	
981	0	0	0	0	0	0	0	0	0	0	0	0	0	0	0	0	0	0	0	0	0	0	5.0	0	0	0	0	0	0	0	
987	0	0	0	0	0	0	0	0	0	0	0	0	0	0	0	0	0	0	0	5.0	0	0	0	0	0	0	0	0	0	0	
116	0	0	0	0	0	3.0	0	4.0	0	0	0	0	0	0	0	0	0	0	0	0	4.5	0	5.0	0	0	0	0	0	0	0	
4200	0	0	0	0	3.5	0	0	0	0	0	0	0	0	0	0	0	0	0	0	0	0	0	0	0	0	0	0	0	0	0	
4201	0	0	0	0	0	0	0	0	0	0	0	0	0	3.0	0	0	0	0	0	0	0	0	0	0	0	0	0	0	0	0	
118	0	0	0	0	0	0	0	0	0	0	5.0	0	0	0	0	0	0	0	0	0	0	0	0	0	0	0	0	0	0	0	
6514	0	0	0	0	0	0	0	0	0	0	0	0	0	0	0	0	0	0	0	0	0	0	0	0	0	0	0	4.5	0	0	
1855	0	0	0	0	0	0	0	0	0	0	0	0	0	0	0	0	0	4.5	0	0	0	4.5	0	0	0	0	0	0	0	0	
1524	0	0	0	0	0	0	0	0	0	3.0	0	0	5.0	0	0	0	0	0	0	0	0	0	0	2.5	0	0	0	0	0	0	
915	0	0	0	0	0	0	0	0	0	0	0	0	0	0	0	0	0	0	0	0	0	0	0	0	0	5.0	0	0	0	0	
914	0	0	0	0	0	0	0	0	0	0	0	0	5.0	0	0	0	0	0	0	0	0	0	0	0	0	0	0	0	0	0	
917	0	0	4.5	0	0	3.0	0	3.5	0	0	0	0	0	0	0	0	0	0	0	0	3.5	0	0	0	0	0	0	0	0	0	
916	0	0	0	0	0	0	0	0	0	0	0	0	0	0	0	0	0	0	0	0	3.0	0	0	0	0	0	0	0	0	0	
1258	0	0	0	0	0	0	0	0	0	0	0	0	0	0	0	0	0	0	0	0	0	0	0	0	0	0	0	0	4.5	0	
1259	0	0	0	0	0	0	0	0	0	0	0	0	0	0	0	4.5	0	0	0	0	0	0	0	0	0	0	0	0	0	0	
309	0	0	0	0	0	0	0	0	0	0	0	0	5.0	0	0	0	0	0	0	0	0	0	0	0	0	0	0	0	0	0	
531	0	0	0	0	0	0	0	0	0	0	0	0	0	0	0	0	0	0	0	0	0	0	0	0	4.0	0	0	0	0	0	
3262	5.0	0	0	0	0	0	0	0	0	0	0	0	0	0	0	0	0	0	0	0	0	0	0	0	0	0	0	0	0	0	
3265	0	0	0	0	0	0	0	0	0	0	0	0	0	0	0	0	0	0	0	0	3.0	0	0	0	0	0	0	0	0	0	
3466	0	0	0	0	0	0	0	0	0	0	0	0	0	0	0	0	2.0	0	0	0	0	0	0	0	4.0	0	0	0	0	0	
3463	0	0	0	0	0	2.0	0	0	0	0	0	0	0	0	0	0	0	0	0	0	0	0	0	0	0	0	0	0	0	0	
7274	0	0	0	0	0	0	0	0	0	0	0	4.0	0	0	0	0	0	0	0	0	0	0	0	0	0	0	0	0	0	0	
2922	0	0	0	0	0	0	0	0	0	0	0	0	0	0	0	0	0	5.0	0	0	0	0	0	0	0	0	0	0	0	0	
5947	0	0	0	0	0	0	5.0	0	0	0	0	0	0	0	0	0	0	0	0	0	0	0	0	0	0	0	0	0	0	0	
7662	0	0	0	0	0	0	0	0	0	0	0	0	0	0	0	0	0	0	4.5	0	0	0	0	0	0	0	0	0	0	0	
1635	0	0	0	0	0	0	0	0	0	0	0	0	4.5	0	0	0	0	0	0	0	0	0	0	0	0	0	0	0	0	5.0	
567	0	0	0	0	0	0	0	0	0	4.0	0	0	0	0	0	0	0	0	0	0	0	0	0	0	0	0	0	0	3.5	0	
1591	0	0	0	0	0	0	0	0	0	0	0	0	0	0	0	0	0	0	0	0	3.5	0	0	0	0	0	0	0	0	5.0	
1590	0	0	0	0	0	0	0	0	0	0	0	4.0	0	0	0	0	0	0	0	0	0	0	0	0	0	0	0	0	0	0	
225	0	0	0	0	0	0	5.0	0	0	0	0	0	0	0	0	0	0	0	0	0	0	0	0	0	0	0	0	0	0	0	
2950	0	0	0	0	0	0	0	0	0	0	4.5	0	0	0	0	0	0	0	0	0	0	0	0	0	0	0	0	0	0	0	
220	0	0	0	0	0	0	0	0	0	0	0	0	0	0	0	0	0	0	0	0	0	0	0	0	0	0	5.0	0	0	0	
2217	0	0	0	0	5.0	0	0	0	0	5.0	0	0	0	0	0	0	0	0	0	0	0	0	0	0	0	0	0	0	0	0	
1744	0	0	0	0	0	0	0	0	0	0	0	0	0	5.0	0	0	0	0	0	0	0	0	0	0	0	0	0	0	0	0	
1746	0	0	0	0	0	0	0	0	0	0	0	0	0	0	0	0	0	0	0	0	0	0	5.0	0	0	0	0	0	0	0	
1747	0	0	0	0	0	0	0	0	0	0	0	0	0	0	0	0	0	0	0	0	0	0	0	0	0	5.0	0	0	5.0	0	
605	0	0	0	0	0	0	0	0	0	0	0	0	0	0	0	0	0	0	0	0	0	5.0	0	0	4.5	0	0	0	0	0	
604	0	0	5.0	0	0	0	0	0	0	0	0	0	0	0	0	0	0	0	0	0	0	0	0	0	0	0	0	0	0	0	
1485	0	0	0	0	0	0	0	0	0	0	0	0	0	0	0	0	0	0	0	0	0	0	0	0	0	0	3.5	0	0	0	
157	0	0	0	0	0	0	0	0	0	0	0	0	0	0	0	0	0	0	0	0	0	0	0	0	4.0	0	0	0	0	0	
1205	0	0	0	0	0	0	0	0	0	0	4.5	0	0	0	0	0	0	0	0	0	0	0	0	0	0	0	0	0	0	0	
1207	0	0	0	0	0	0	0	3.5	0	0	0	0	0	0	0	0	0	0	0	0	0	0	0	0	0	0	0	0	0	0	
1206	0	0	0	0	0	0	0	4.5	0	0	0	0	0	0	0	0	0	0	0	0	0	0	0	0	0	0	0	0	0	0	
5521	0	0	0	0	0	0	4.5	0	0	0	0	0	0	0	0	0	0	0	0	0	0	0	0	0	0	0	0	0	0	0	
1898	0	0	0	0	0	0	0	0	0	0	0	0	0	3.5	0	0	0	0	0	0	0	0	0	0	0	0	0	0	0	0	
6342	0	0	0	0	0	0	0	3.0	0	0	0	0	0	0	0	0	0	0	0	0	0	0	0	0	0	0	0	0	0	0	
6028	0	0	5.0	0	0	0	0	0	0	0	0	0	0	0	0	0	0	0	0	0	0	0	0	0	0	0	0	0	0	0	
1569	0	0	0	0	0	0	0	3.5	0	0	0	0	0	0	0	4.5	0	0	0	0	0	0	5.0	0	0	0	4.0	0	0	0	
1113	0	0	0	0	3.5	0	0	0	0	0	0	0	0	0	0	0	0	0	0	0	0	0	0	0	0	0	0	0	0	0	
1115	0	0	0	0	0	0	0	0	0	4.5	0	0	0	0	0	0	0	0	0	0	0	0	5.0	0	0	0	0	0	0	0	
1116	0	0	0	0	0	0	0	3.0	0	5.0	0	0	0	0	0	0	0	0	0	0	0	0	0	0	0	0	0	0	0	0	
1119	0	0	0	0	0	0	0	0	0	0	0	0	0	0	0	0	0	0	0	0	0	0	0	0	0	0	0	2.5	0	0	
1293	0	0	0	0	0	0	0	0	0	0	0	0	0	0	0	0	0	0	0	0	0	0	4.5	0	0	0	0	0	0	0	
1290	0	0	0	0	0	0	0	0	0	0	0	0	0	0	0	4.5	0	0	0	0	0	0	0	0	0	0	0	0	0	0	
1564	0	0	0	0	0	0	0	0	0	0	0	0	0	0	0	0	0	0	0	0	0	0	0	0	0	0	0	0	4.0	0	
1565	0	0	0	0	0	0	0	0	0	0	0	0	0	0	0	0	0	0	0	0	0	0	0	0	0	0	0	4.0	0	0	
1294	0	0	0	0	0	0	0	0	0	0	0	0	0	0	0	4.5	0	0	0	0	0	0	0	0	0	0	0	0	0	0	
4278	0	0	0	0	0	0	0	0	0	0	0	0	0	0	0	0	0	0	0	0	0	0	0	0	0	5.0	0	0	0	0	
1712	0	0	0	0	0	0	0	0	0	0	0	5.0	0	0	0	0	0	0	0	0	0	0	0	0	0	0	0	0	0	0	
484	0	0	0	0	0	0	0	0	0	0	0	0	0	0	0	0	0	0	4.5	0	0	0	0	0	0	0	0	0	0	0	
482	0	0	0	0	0	0	0	0	0	4.0	0	0	0	0	0	0	0	0	0	0	5.0	0	5.0	4.0	0	4.5	0	0	4.0	0	
7239	0	0	0	0	0	0	0	5.0	0	0	0	0	0	0	0	0	0	0	0	0	0	0	0	0	0	0	0	0	0	0	
6544	0	0	0	0	0	0	0	0	0	0	0	3.5	0	0	0	0	0	0	0	0	0	0	0	0	0	0	0	0	0	0	
1809	0	0	0	0	0	0	0	0	0	0	0	4.0	0	0	0	0	0	0	0	0	0	0	0	0	0	0	0	0	0	0	
1365	0	0	0	0	0	0	0	0	0	0	0	0	0	0	0	0	0	0	0	0	0	0	0	4.0	0	0	0	0	0	0	
2007	0	0	0	0	0	0	0	0	0	0	5.0	0	0	0	0	0	0	0	0	0	0	0	0	0	0	0	0	0	0	0	
475	0	0	0	0	0	0	0	0	0	0	0	0	0	0	0	0	0	0	0	5.0	0	0	0	0	0	0	0	0	0	0	
6234	0	0	0	0	0	0	0	0	0	0	0	0	0	0	0	0	0	0	0	0	4.0	0	0	0	0	0	0	0	0	0	
